1247278339
1247278337
1247278335
1247278333
1247278332
1247278331
1240953474
1240953457
1240953437
1240953435
1240953405
1240953375
1240953338
1240953335
1240953304
1240953292
1240953267
1240953237
1240953211
1240953200
1240496219
1240496217
1240496215
1240496213
1240496211
1240496209
1240496207
1240496205
1240496203
1240496201
1240496199
1240496197
1240496195
1240496193
1240496191
1240496189
1240496187
1240496185
1240496183
1240496181
1240496179
1240496177
1240496175
1240496173
1240496171
1240496169
1240496167
1240496165
1240496163
1240496161
1240496159
1240496157
1240496155
1240496153
1240496151
1240496149
1240496147
1240496145
1240496143
1240496141
1240496139
1240496137
1240496135
1240496133
1240496131
1240496129
1240496127
1240496125
1240496123
1240496121
1240496119
1240496117
1240496115
1240496113
1240496111
1240496109
1240496107
1240496105
1240496103
1240496101
1240496099
1240496097
1240496095
1240496093
1240496091
1240496089
1240496087
1240496085
1240496083
1240496081
1240496079
1240496077
1240496075
1003310887
1003310885
1003310883
1003310881
1003310879
1003310877
1003310875
1003310873
1003310871
1003310869
1003310867
1003310865
1003310863
1003310861
1003310859
1003310857
1003310855
1003310853
1003310851
1003310849
1003310847
1003310845
1003310843
1003310841
1003310839
1003310837
1003310835
1003310833
1003310831
1003310829
1003310827
1003310825
1003310823
1003310821
1003310819
1003310817
1003310815
1003310813
1003310811
1003310809
1003310807
1003310805
1003310803
1003310801
1003310799
1003310797
1003310795
1003310793
1003310791
1003310789
1003310787
1003310785
1003310783
1003310781
1003310779
1003310777
1003310775
1003310773
1003310771
1003310769
1003310767
1003310765
1003310763
1003310761
1003310759
1003310757
1003310755
1003310753
1003310751
1003310749
1003310747
1003310745
1003310743
1003310741
1003310739
1003310737
1003310735
1003310733
1003310731
1003310729
1003310727
1003310725
1003310723
1003310721
1003310719
1003310717
1003310715
1003310713
1003310711
1003310709
1003310707
1003310705
1003310703
1003310701
1003310699
1003310697
1003310695
1003310693
1003310691
1003310689
1003310687
1003310685
1003310683
1003310681
1003310679
1003310677
1003310675
1003310673
1003310671
1003310669
1003310667
1003310665
1003310663
1003310661
1003310659
1003310657
1003310655
1003310653
1003310651
1003310649
1003310647
1003310645
1003310643
1003310641
1003310639
1003310637
1003310635
1003310633
1003310631
1003310629
1003310627
1003310625
1003310623
1003310621
1003310619
1003310617
1003310615
1003310613
1003310611
1003310609
1003310607
1003310605
1003310603
1003310601
1003310599
1185245800
1185245798
1185245790
1185245779
1185245775
1185245766
1185245760
1185245751
1109181937
1109181935
1109181933
1109181931
1109181929
1183154489
1183154487
1183154479
1183154465
1183154461
1183154453
1183154451
1183154445
1183154435
1183154139
1183154137
1183154129
1183154113
1183154109
1183154099
1183154097
1183154091
1183154079
1183153805
1183153799
1183153785
1183153781
1183153771
1183153769
1183153763
1183153751
1183153491
1183153489
1183153481
1183153465
1183153461
1183153451
1183153449
1183153443
1183153431
752824111
752823842
359283939
359283937
359283895
359283893
359283437
359282925
359282923
359282921
359282919
359282917
359282915
359281519
359281391
359281287
359281249
359281145
359280701
359280435
359280433
359280429
1174248116
1174248113
1174248111
1174248109
1174248106
1174248104
1174248101
1174248097
1174248096
1174248094
1174248087
1174248086
1174248084
1174248078
1174248073
1174248070
1174248062
1174248058
1174248046
1174248045
1174248043
1174248038
1174248037
1174248035
1174248027
1174248026
1174248025
1174248024
1174248023
1174248020
1174248018
1174248017
1174248015
1174248014
1174248010
1174248008
1174248007
1174248005
1174247998
1174247995
1174247988
1174247987
1174247985
1174247984
1174247983
1174247982
1174247977
1174247972
1174247971
1174247968
1174247967
1174247965
1174247964
1174247958
1174247956
1174247952
1174247951
1174247950
1174247948
1174247947
1174247941
1174247939
1174247935
1174247934
1174247923
1174247920
1174247913
1174247909
1174247908
1174247907
1174247899
1174247898
1174247890
1174247886
1174247885
1174247878
1174247877
1174247876
1174247874
1174247870
1174247866
1174247865
1174247863
1174247862
1174247859
1174247858
1174247857
1174247855
1174247854
1174247850
1174247848
1174247845
1174247844
1174247840
1174247832
1174247826
1174247820
1174247818
1174247816
1174247815
1174247814
1174247813
1174247812
1174247811
1174247807
1174247799
1174247797
1174247792
1174247791
1174247788
1174247782
1174247780
1174247779
1174247776
1174247770
1174247768
1174247764
1174247763
1174247760
1174247755
1174247753
1174247751
1174247745
1174247733
1174247729
1174247719
1174247715
1174247701
1174247699
1174247693
1174247679
1174247675
1174247665
1174247663
1174247657
1174247645
1174247641
1174247639
1174247633
1174247623
1174247619
1174247609
1174247607
1174247603
1174247595
1174247591
1174247579
1174247575
1174247567
1174247561
1174247551
1174247548
1174247547
1174247539
1174247533
1174247530
1174247524
1174247523
1174247520
1174247514
1174247512
1174247507
1174247505
1174247500
1174247499
1174247498
1174247495
1174247490
1174247488
1174247486
1174247485
1174247482
1174247478
1174247475
1174247473
1174247467
1174247451
1174247447
1174247437
1174247435
1174247429
1174247417
1174247413
1174247411
1174247409
1174247408
1174247404
1174247403
1174247400
1174247399
1174247394
1174247392
1174247389
1174247388
1174247386
1174247379
1174247378
1174247375
1174247374
1174247367
1174247363
1174247361
1174247353
1174247349
1174247348
1174247347
1174247341
1174247340
1174247332
1174247329
1174247326
1174247322
1174247321
1174247320
1174247318
1174247312
1174247306
1174247305
1174247304
1174247303
1174247300
1174247297
1174247296
1174247295
1174247293
1174247292
1174247288
1174247286
1174247282
1174247276
1174247271
1174247264
1174247262
1174247260
1174247259
1174247258
1174247257
1174247253
1174247251
1174247243
1174247231
1174247227
1174247217
1174247215
1174247209
1174247197
1174247189
1174247187
1174247177
1174247166
1174247156
1174247150
1174247138
1174247116
1174247100
1174247094
1174247092
1174247086
1174247082
1174247078
1174247076
1174247072
1174247068
1174247060
1174247052
1174247042
1174247038
1174247034
1174247032
1174247028
1174247026
1174247020
1174247016
1174247010
1174247008
1174247004
1174247000
1174246997
1174246996
1174246989
1174246987
1174246982
1174246981
1174246978
1174246971
1174246970
1174246967
1174246963
1174246957
1174246956
1174246954
1174246949
1174246946
1174246944
1174246936
1174246918
1174246908
1174246906
1174246902
1174246890
1174246886
1174246884
1174246878
1174246862
1174246858
1174246848
1174246846
1174246842
1174246830
1174246824
1174246820
1174246818
1174246812
1174246811
1174246808
1174246807
1174246801
1174246799
1174246795
1174246794
1174246793
1174246791
1174246789
1174246785
1174246783
1174246780
1174246779
1174246770
1174246764
1174246753
1174246752
1174246751
1174246743
1174246737
1174246733
1174246730
1174246725
1174246724
1174246723
1174246721
1174246711
1174246710
1174246709
1174246707
1174246705
1174246702
1174246701
1174246700
1174246698
1174246697
1174246695
1174246694
1174246690
1174246688
1174246685
1174246684
1174246681
1174246674
1174246668
1174246661
1174246659
1174246657
1174246656
1174246655
1174246649
1174246647
1174246643
1174246641
1174246634
1174246632
1174246627
1174246626
1174246624
1174246619
1174246610
1174246609
1174246603
1174246594
1174246593
1174246590
1174246589
1174246585
1174246582
1174246581
1174246579
1174246576
1174246574
1174246572
1174246568
1174246562
1174246553
1174246552
1174246550
1174246549
1174246548
1174246545
1174246543
1174246535
1174246521
1174246517
1174246507
1174246505
1174246499
1174246489
1174246485
1174246483
1174246475
1174246461
1174246457
1174246447
1174246445
1174246441
1174246429
1174246424
1174246422
1174246418
1174246416
1174246414
1174246409
1174246408
1174246405
1174246404
1174246398
1174246396
1174246391
1174246390
1174246389
1174246387
1174246385
1174246378
1174246376
1174246372
1174246371
1174246363
1174246357
1174246355
1174246346
1174246342
1174246341
1174246340
1174246333
1174246324
1174246320
1174246319
1174246317
1174246312
1174246311
1174246310
1174246308
1174246302
1174246296
1174246295
1174246294
1174246293
1174246291
1174246289
1174246286
1174246285
1174246284
1174246282
1174246280
1174246279
1174246275
1174246274
1174246271
1174246270
1174246266
1174246259
1174246255
1174246248
1174246246
1174246245
1174246244
1174246243
1174246242
1148886246
1095843696
1095843611
1095843493
1109181757
1109181755
1109181753
1109181591
1109181589
1109181587
1109181407
1109181405
1109181237
1109181235
1109181233
1100710158
1100710130
1100710105
1100710087
1100710057
1100710015
1100710013
359284911
359284907
359284735
359284511
359284365
359284119
359283891
359283641
359283639
359283637
359283635
359283485
359282857
359282855
359282705
359282703
359282383
359282379
359281823
359281821
359281819
359281807
359281803
359281801
359281799
359281795
359281609
359281607
359281027
359280933
1070096165
1070096092
1070096090
586947512
586947510
586947508
586947506
586947502
586947500
586947498
586947496
586947494
586947492
586947490
359284523
359284481
359281321
359431464
359431462
359431454
359431452
359431414
359431406
359431372
359431364
359431311
359431303
359431167
359431155
355342497
355342423
355342337
355341979
355341904
355341814
355341353
355341275
355341185
329134350
329134348
329134334
329134324
329134322
329134292
329134290
329134288
329134286
329134284
329134234
329134232
329134184
329134182
329134172
329134170
329134152
329134150
329134136
329134126
329134124
329134094
329134092
329134090
329134088
329134086
329134036
329134034
329133986
329133984
329133974
329133972
327555394
327555392
327555390
327555388
327555386
327555384
327555382
327555380
327555378
327555376
327555374
327555372
327555370
327555368
327555366
327555364
327555362
327555360
327555358
327555356
327555354
327555352
327555350
327555348
327555346
327555344
327555342
327555340
327555338
327555336
327555334
327555332
327555330
327555328
327555326
327555324
327555320
327555318
327555316
327555314
327555312
327555310
327555308
327555306
327555304
327555302
327555300
327555298
327555296
327555294
327555292
327555290
327555288
327555286
327555284
327555282
327555280
327555278
327555276
327555274
327555272
327555270
327555268
327555266
327555264
327555262
327555260
327555258
327555256
327555254
327555252
327555250
327555248
327555246
327555244
327555242
327555240
327555238
327555236
327555234
327555232
327555230
327555228
327555226
327555224
327555222
327555220
327555218
327555216
327555214
327555212
327555208
327555206
327555204
327555202
327555200
327555198
327555196
327555194
327555192
327555190
327555188
327555186
327555184
327555182
327555180
327494302
327494300
327494298
327494296
327494294
327494292
327494290
327494288
327494286
327494284
327494282
327494280
327494278
327494276
327494274
327494272
327494270
327494268
327494266
327494264
327494262
327494256
327494254
327494252
327494250
327494248
327494246
327494244
327494242
327494240
327494238
327494236
327494234
327494232
327494230
327494228
327494226
327494224
327494222
327494220
327494218
327494216
327494214
327494212
327494210
327494208
327494206
327494204
327494202
327494200
327494198
327494196
327494194
327494192
327494190
327494188
327494186
327494184
327494182
327494180
327494178
327494176
327494174
327494172
327494170
327494168
327494166
327494164
327494162
327494160
327494158
327494156
327494154
327494152
327494150
327494148
327494146
327494144
327494142
327494140
327494138
327494136
327494134
327494132
327494130
327494128
327494126
327494124
327494122
327494120
327494118
327494116
327494114
327494112
327494110
327494108
327494106
327494104
327494102
327494100
327494098
327494096
327494094
327494092
327494090
327494088
327494086
327494084
327494082
327494080
327494078
327494076
327494074
327494072
327494070
327494068
327494066
327494064
327494062
327494060
327494058
327494056
327494054
327494052
327494050
327494048
327494046
327494044
327494042
327494040
327494038
327494036
327494034
327494032
327494030
327494028
327494026
327494024
327494022
327494020
327494018
327494016
327494014
327494012
327494010
327494008
327494006
327494004
327494002
327494000
327493998
327493996
327493994
327493992
183186830
183186828
183186818
183186816
1044659848
1044659846
1044659844
1044659842
1044659840
1044659838
1044659836
1044659834
1044659832
1044659830
1044659828
1044659826
1044659824
1044659773
1044659771
1044659769
1044659767
1044659765
1044659763
1044659761
1044659759
1044659757
1044659755
1044659753
1044659751
1044659745
1044659743
1044659734
1044659732
1044659730
1044659728
1044659726
1044659724
1044659722
1044659720
1044659718
1044659716
1044659660
1044659658
1044659656
1044659654
1044659652
1044659650
1044659648
1044659646
1044659644
1044659642
1044659640
1044659638
1044659636
1044659634
1044659632
1044659630
1044659628
1044659626
1044659624
1044659622
1044659620
1044659618
1044659600
1044659556
1044659554
1044659552
1044659448
1044659446
1044659444
1044659442
1044659440
1044659438
1044659436
1044659434
1044659432
1044659430
1044659376
1044659374
1044659372
1044659370
1044659368
1044659366
1044659364
1044659362
1044659360
1044659358
1044659356
1044659354
1044659352
1044659350
1044659342
1044659340
1044659338
1044659336
1044659326
1044659324
1044659322
1044659320
1044659318
1044659316
1044659314
1044659312
1044659310
1044659308
1044659254
1044659252
1044659250
1044659248
1044659246
1044659244
1044659242
1044659240
1044659238
1044659236
1044659234
1044659232
1044659230
1044659228
1044659226
1044659224
1044659222
1044659220
1044659218
1044659216
1044659214
1044659212
1044659210
1044659208
1044659192
1044659144
1044659142
1044659140
1044659084
1044659082
1044659080
1044659078
1044659076
1044659074
1044659072
1044659070
1044659068
1044659066
1044659064
1044659062
1044659060
1044659058
1044659056
1044659054
1044659052
1044659050
1044659048
1044659046
1044659044
1044659042
1044659040
1044659038
1044659036
1044659034
1044659032
1044659030
1044659028
1044659026
1044659024
1044659022
1044659020
1044659018
1044659016
1044659014
1044659012
1044659010
1044659008
1044659006
1044659004
1044659002
1044659000
1044658998
1044658996
1044658994
1044658992
1044658990
1044658988
1044658986
1044658984
1044658982
1044658980
1044658978
1044658976
1044658974
1044658972
1044658970
1044658968
1044658966
1044658964
1044658962
1044658960
1044658958
1044658956
1044658954
1044658952
1044658950
1044658948
1044658946
1044658944
1044658942
1044658940
1044658938
1044658936
1044658934
1044658932
1044658561
1044658559
1044658557
1044658555
1044658553
1044658551
1044658549
1044658547
1044658545
1044658543
1044658541
1044658539
1044658537
1044658535
1044658533
1044658531
1044658529
1044658527
1044658525
1044658523
1044658521
1044658519
1044658517
1044658515
1044658513
1044658511
1044658509
1044658507
1044658505
1044658503
1044658501
1044658499
1044658497
1044658495
1044658493
1044658491
1044658489
1044658487
1044658485
1044658483
1044658481
1044658479
1044658477
1044658475
1044658473
1044658471
1044658469
1044658467
1044658465
1044658463
1044658461
1044658459
1044658457
1044658455
1044658453
1044658451
1044658449
1044658447
1044658445
1044658443
1044658441
1044658439
1044658437
1044658435
1044658433
1044658431
1044658429
1044658427
1044658425
1044658423
1044658421
1044658419
1044658417
1044658415
1044658413
1044658411
1044658409
1044658407
1044658405
1044658403
1044658401
1044658399
1044658397
1044658001
1044657999
1044657997
1044657995
1044657993
1044657991
1044657989
1044657987
1044657985
1044657983
1044657981
1044657979
1044657977
1044657975
1044657973
1044657971
1044657969
1044657967
1044657965
1044657963
1044657961
1044657959
1044657957
1044657955
1044657953
1044657951
1044657949
1044657947
1044657945
1044657943
1044657941
1044657939
1044657937
1044657935
1044657933
1044657931
1044657929
1044657927
1044657925
1044657923
1044657921
1044657919
1044657917
1044657915
1044657913
1044657911
1044657909
1044657907
1044657905
1044657903
1044657901
1044657899
1044657897
1044657895
1044657893
1044657891
1044657889
1044657887
1044657885
1044657883
1044657881
1044657879
1044657877
1044657875
1044657873
1044657871
1044657869
1044657867
1044657865
1044657863
1044657861
1044657859
1044657857
1044657855
1044657853
1044657851
1044657849
1044657847
1044657845
1044657843
1044657841
1044657839
1044657837
1044657835
1044657833
1044657831
1044657829
1044657827
1044657825
1044657413
1044657411
1044657409
1044657407
1044657405
1044657403
1044657401
1044657399
1044657397
1044657395
1044657393
1044657391
1044657389
1044657387
1044657385
1044657383
1044657381
1044657379
1044657377
1044657375
1044657373
1044657371
1044657369
1044657367
1044657365
1044657363
1044657361
1044657359
1044657357
1044657355
1044657353
1044657351
1044657349
1044657347
1044657345
1044657343
1044657341
1044657339
1044657337
1044657335
1044657333
1044657331
1044657329
1044657327
1044657325
1044657323
1044657321
1044657319
1044657317
1044657315
1044657313
1044657311
1044657309
1044657307
1044657305
1044657303
1044657301
1044657299
1044657297
1044657295
1044657293
1044657291
1044657289
1044657287
1044657285
1044657283
1044657281
1044657279
1044657277
1044657275
1044657273
1044657271
1044657269
1044657267
1044657265
1044657263
1044657261
1044657259
1044657257
1044657255
1044657253
1044657251
1044657249
1044657247
1044657245
1044657243
1044657241
1044657239
1044657237
1044656828
1044656827
1044656826
1044656825
1044656824
1044656823
1044656822
1044656821
1044656820
1044656819
1044656818
1044656817
1044656816
1044656815
1044656814
1044656773
1044656772
1044656771
1044656770
1044656769
1044656768
1044656767
1044656766
1044656765
1044656764
1044656763
1044656762
1044656761
1044656760
1044656759
1044656758
1044656757
1044656756
1044656755
1044656752
1044656751
1044656750
1044656749
1044656748
1044656741
1044656740
1044656739
1044656738
1044656737
1044656736
1044656735
1044656734
1044656733
1044656732
1044656731
1044656730
1044656729
1044656728
1044656727
1044656726
1044656725
1044656724
1044656723
1044656678
1044656677
1044656676
1044656675
1044656674
1044656673
1044656672
1044656671
1044656670
1044656669
1044656668
1044656667
1044656666
1044656665
1044656664
1044656663
1044656662
1044656661
1044656660
1044656659
1044656658
1044656657
1044656656
1044656655
1044656654
1044656653
1044656652
1044656590
1044656589
1044656588
359283691
359283689
321149924
321149906
321149904
321149890
321149882
321149801
321149791
321149773
321149753
321149743
321149737
321149731
321149729
321149709
321149697
321149685
321149680
321149670
321149656
321149640
321149632
321149624
321149606
321149594
321149584
321149580
321149562
321149550
321149540
317410141
317410139
317410137
317410135
317410133
317410131
317410129
317410127
317410113
317410111
317409857
317409855
317409853
317409851
317409849
317409847
317409845
317409843
317409829
317409827
317409569
317409567
317409565
317409563
317409561
317409559
317409557
317409555
317409541
317409539
317409333
317409331
317409329
317409327
317409319
307547540
307547528
307547476
307547462
295413692
295413690
256807229
256807227
256807209
256807207
256807205
256807201
256807199
256807185
256807177
256807169
256807123
256807121
256807103
256807101
256807099
256807095
256807093
256807079
256807071
256807063
241865101
241865022
240018546
670739023
670739021
670739019
670739017
670739015
670739013
670739011
670739009
670739007
670739005
670739003
670739001
670738999
670738997
670738995
670738993
670738991
670738989
670738987
670738985
670738983
670738981
670738979
670738977
670738975
670738973
670738971
670738969
670738967
670738965
670738963
670738961
670738959
670738957
670738955
670738953
670738951
670738949
670738947
670738945
670738943
670738941
670738939
670738937
670738935
670738933
670738931
670738929
670738927
670738925
670738861
670738860
670738859
670738858
670738857
670738856
670738855
670738854
670738853
670738852
670738851
670738850
670738849
670738848
670738847
670738846
670738845
670738844
670738843
670738842
670738841
670738840
670738839
670738838
670738837
670738836
670738835
670738834
670738833
670738832
670738831
670738830
670738829
670738828
670738827
670738826
670738825
670738824
670738823
670738822
670738821
670738820
670738819
670738818
670738817
670738816
670738815
670738814
1016776551
815930620
815930618
815930616
815930614
815930612
815930610
815930608
815930606
815930604
815930602
815930600
815930598
815930596
815930594
815930592
815930590
815930588
815930586
815930584
815930582
815930580
815930578
815930576
815930574
815930572
815930570
815930568
815930566
815930564
815930562
815930560
815930558
815930556
815930554
815930552
815930550
815930548
815930546
815930544
815930542
815930538
815930536
815930534
815930532
815930530
815930528
815930526
815930524
815930522
815930520
815930518
815930516
815930514
815930512
815930510
815930508
815930506
815930504
815930502
815930500
815930498
815930496
815930494
815930492
815930490
815930488
815930486
815930484
815930482
815930480
815930478
815930476
815930474
815930472
815930470
815930468
815930466
815930464
815930462
815930460
815930458
815930456
815930454
815930452
815930450
815930448
815930446
815930444
815930442
815930440
815930438
815930436
815930434
815930432
321149878
321149868
321149852
321149830
321149818
321149812
930158582
930158580
930158470
930158468
930158338
930158336
930158161
930158158
930158016
930158014
817639054
817639052
817639008
817639005
817638994
817638988
817638969
817638964
817638959
817638955
817638947
817638902
817638882
817638855
817638852
817638849
817638829
817638809
817638806
817638798
817638786
817638777
817638774
817638674
817638660
817638628
817638612
817638532
817638526
923790740
923790735
923790502
923789772
923789767
923789698
923789695
923789590
923789165
923789162
923789062
923788961
923788957
923788851
923788845
923788681
923788677
923788575
923788406
923788402
923788190
923788185
923787918
923787689
923787683
923787561
923787558
923787337
923787334
923787208
923787202
923786527
923786524
923786425
923786234
923786230
923786041
923786035
923785954
923785951
923785850
923785847
923785676
923785675
923785497
923785492
923785169
923785167
923785056
923785051
923784935
923784932
923784806
923784803
923784682
923784676
923784401
923784400
923784244
923784115
923784112
923783976
923783855
923783849
923783642
923783542
923783427
923783318
923783317
923782999
923782994
923782780
923782519
923782428
923782222
923782220
923782021
923782018
923781918
923781804
923781801
923781681
923781675
923781571
923781518
923781405
923781304
923781235
923781130
923781129
923780934
923780933
923780683
923780446
923780257
923780139
923780135
923780005
923780004
923779918
923779829
923779826
923779735
923779733
923779649
923779476
923779473
923779307
923779303
923778834
923778736
923778734
923778660
923778654
923778507
923778506
923778378
923778374
923778165
923778162
923777909
923777903
923777834
923777682
923777681
923777590
923777585
923777298
923777294
923777051
923777047
923776946
923776857
923776854
923776765
923776442
923776437
923776304
923776196
923776192
923776089
923776086
923775925
923775572
923775293
923775291
923775113
923774917
923774777
923774774
923774595
923774591
923774418
923774415
923774306
923774197
923774193
923774093
923774089
923773980
923773977
923773864
923773861
923773386
923773385
923773244
923773240
923772996
923772829
923772826
923772710
923772603
923772230
923772227
923771994
923771989
923771773
923771769
923771581
923771261
923771258
923771090
923771086
923770961
923770957
923770866
923770793
923770789
923770389
923770169
923770166
923770030
923770029
923769794
923769790
923769660
923769395
923769267
923769264
923769039
923769035
923768914
923768795
923768789
923768638
923768636
923768402
923768399
923768165
923768163
923768045
923767522
923767517
923767291
923767127
923767124
923766778
923766775
923766649
923766646
923766533
923766532
923766410
923766407
923766288
923766188
923766094
923766093
923765970
923765871
923765870
923765732
923765728
923765624
923765621
923765441
923765435
923765171
923765167
923765063
923765059
923764948
923764604
923764599
923764424
923764420
923764306
923764299
923764098
923764094
923763988
923763859
923763856
923763765
923763676
923763673
923763549
923763546
923763400
923763397
923763207
923763204
923763077
923763074
923762575
923762572
923762378
923762377
923762256
923762251
923762196
923762194
923762104
923762100
923761779
923761776
923761544
923761542
923761513
923761336
923761333
923761242
923761239
923761098
923761094
923761005
923760896
923760894
923760787
923760647
923760643
923760508
923760507
923760343
923760340
923760050
923759764
923759761
923759678
923759675
923759598
923759595
923759462
923759460
923759378
923759172
923759169
923758954
923758951
923758787
923758784
923758695
923758693
923758584
923758581
923758289
923758287
923758248
923758167
923758164
923758059
923757978
923757892
923757889
923757794
923757626
923757622
923757532
923757384
923757380
923757226
923757143
923756900
923756897
923756804
923756803
923756606
923756525
923756522
923756431
923756428
923756347
923756344
923756257
923756254
923756163
923756160
923755928
923755839
923755836
923755710
923755706
923755478
923755345
923755342
923755264
923755260
923755190
923755187
923755080
923755076
923754965
923754960
923754815
923754588
923754481
923754477
923754391
923754388
923754304
923754301
923754226
923754157
923754155
923754074
923754073
923753919
923753918
923753831
923753828
923753725
923753534
923753531
923753347
923753344
923753261
923753176
923752934
923752932
923752681
923752679
923752598
923752191
923752189
923752107
923751953
923751950
923751837
923751833
923751615
923751611
923751510
923751506
923751422
923751329
923751325
923751246
923751080
923751074
923750989
923750986
923750786
923750599
923750596
923750490
923750489
923750306
923750216
923750213
923750127
923749949
923749946
923749657
923749654
923749512
923749423
923749218
923748986
923748889
923748885
923748791
923748787
923748593
923748589
923748407
923748337
923748176
923748173
923748018
923748015
923747892
923747889
923747794
923747551
923747142
923746944
923746940
923746445
923746441
923746347
923746345
923746179
923746176
923746083
923745930
923745830
923745829
923745738
923745481
923745388
923745385
923745293
923745290
923745113
923744984
923744983
923744896
923744894
923744784
923744693
923744600
923744597
923744533
923744531
923744356
923744266
923744110
923744108
923744031
923744028
923743926
923743831
923743737
923743734
923743630
923743459
923743241
923743239
923743156
923743074
923742954
923742952
923742796
923742665
923742662
923742498
923742385
923742382
923742280
923742279
923742191
923742189
923742103
923742100
923742008
923742005
923741899
923741800
923741715
923741605
923741602
923741504
923741501
923741324
923741320
923741267
923741240
923741216
923741212
923741138
923741135
923740959
923740727
923740635
923740548
923740373
923740369
923740274
923740270
923740157
923740156
923740059
923740056
923739921
923739833
923739830
923739670
923739574
923739571
923739445
923739442
923739348
923739345
923739171
923739089
923739084
923738981
923738723
923738720
923738621
923738534
923738531
923738454
923738451
923738364
923738361
923738000
923737858
923737678
923737513
923737512
923737422
923737419
923737337
923737334
923737217
923737215
923737132
923736832
923736729
923736422
923736370
923736367
923736307
923736304
923736098
923736095
923736003
923735823
923735552
923735163
923735036
923735033
923734827
923734724
923734720
923734625
923734622
923734520
923734517
923734331
923734329
923734225
923734222
923734112
923734109
923734005
923734002
923733910
923733811
923733808
923733692
923733691
923733601
923733599
923733513
923733390
923733386
923733208
923733205
923733098
923733094
923732969
923732968
923732863
923732860
923732711
923732710
923732596
923732478
923732477
923732349
923732254
923732166
923732061
923731845
923731844
923731741
923731738
923731637
923731419
923731295
923731098
923731094
923730871
923730771
923730768
923730674
923730671
923730485
923730131
923730045
923729942
923729940
923729856
923729853
923729756
923729668
923729666
923729580
923729497
923729339
923729336
923728956
923728862
923728764
923728761
923728662
923728658
923728506
923728503
923728401
923728398
923728119
923727985
923727908
923727745
923727741
923727566
923727565
923727470
923727467
923727353
923727350
923727235
923727126
923727037
923726933
923726929
923726806
923726628
923726625
923726543
923726541
923726296
923726292
923726135
923726131
923726041
923726038
923725943
923725941
923725851
923725621
923725617
923725492
923725488
923725246
923725242
923725064
923725060
923724969
923724968
923724751
923724748
923724549
923724389
923724292
923724109
923724104
923724003
923724001
923723911
923723824
923723726
923723723
923723550
923723548
923723295
923723294
923723229
923723226
923723136
923723133
923723024
923723021
923722873
923722870
923722774
923722639
923722470
923722468
923722433
923722394
923722393
923722356
923722318
923722316
923722033
923722030
923721943
923721870
923721866
923721768
923721765
923721670
923721292
923721181
923721178
923721083
923720922
923720821
923720553
923720549
923720460
923720457
923720290
923720286
923720186
923720183
923720006
923719910
923719832
923719627
923719622
923719517
923719261
923719258
923719024
923718949
923718947
923718581
923718576
923718427
923718154
923718149
923717965
923717960
923717824
923717820
923717634
923717631
923717312
923717309
923716991
923716793
923716790
923716373
923716365
923716161
923716069
923715624
923715620
923715400
923715399
923715351
923715349
923715284
923715283
923715238
923715236
923715149
923714976
923714878
923714875
923714786
923714319
923714316
923713998
923713994
923713906
923713905
923713794
923713791
923713675
923713671
923713580
923713577
923713296
923713292
923713137
923713136
923712980
923712977
923712883
923712880
923712719
923712622
923712413
923712410
923712315
923712312
923712124
923712121
923711861
923711858
923711731
923711728
923711636
923711632
923711433
923711429
923711254
923711252
923711147
923711145
923711048
923711045
923710774
923710579
923710575
923710405
923710404
923710213
923710209
923709975
923709900
923709897
923709801
923709798
923709693
923709610
923709518
923709515
923709423
923709420
923709320
923709317
923709246
923709243
923708900
923708897
923708796
923708636
923708635
923708548
923708545
923708457
923708359
923708357
923708234
923708091
923708087
923707987
923707983
923707904
923707901
923707805
923707802
923707513
923707511
923707430
923707427
923707272
923707175
923707005
923707002
923706842
923706668
923706664
923706518
923706515
923706411
923706235
923706232
923706131
923706127
923705987
923705908
923705804
923705720
923705272
923705269
923705181
923705005
923705001
923704786
923704783
923704576
923704573
923704484
923704481
923704338
923704259
923704256
923704065
923704061
923703596
923703593
923703502
923703501
923703425
923703421
923703333
923703330
923703229
923703225
923703137
923703134
923703037
923703033
923702901
923702897
923702789
923702785
923702691
923702688
923702429
923702425
923702325
923702219
923702218
923702134
923702130
923702043
923702040
923701946
923701943
923701848
923701752
923701749
923701474
923701380
923701378
923701301
923700970
923700966
923700766
923700672
923700596
923700498
923700495
923700331
923700228
923700226
923700043
923700039
923699886
923699791
923699699
923699696
923699618
923699441
923699438
923699264
923699162
923699159
923699058
923699055
923698859
923698855
923698758
923698755
923698580
923698576
923698316
923698312
923698206
923698101
923698097
923697953
923697950
923697898
923697894
923697831
923697752
923697665
923697558
923697554
923697461
923697458
923697026
923697023
923696584
923696581
923696485
923696482
923696367
923696363
923696285
923696182
923696080
923696077
923695968
923695964
923695773
923695593
923695468
923695464
923695184
923695181
923694877
923694873
923694635
923694631
923694335
923694332
923694225
923694222
923694036
923694033
923693933
923693724
923693392
923693296
923693295
923693134
923693130
923693041
923693038
923692677
923692674
923692284
923692280
923692148
923692145
923691962
923691959
923691718
923691715
923691610
923691500
923691091
923691090
923690991
923690987
923690854
923690851
923690672
923690669
923690567
923690353
923690349
923690252
923690248
923690099
923690096
923690004
923690001
923689870
923689867
923689769
923689768
923689664
923689660
923689562
923689442
923689439
923689345
923689341
923689088
923689085
923688911
923688908
923688753
923688750
923688504
923688381
923688377
923688272
923687949
923687946
923687744
923687326
923687322
923687233
923687039
923687036
923686801
923686797
923686694
923686419
923686059
923686056
923685961
923685958
923685883
923685743
923685641
923685639
923685333
923684846
923684842
923684756
923684661
923684657
923684552
923684550
923684391
923684387
923684306
923683983
923683979
923683719
923683718
923683453
923683450
923683357
923683354
923683257
923683178
923683038
923683034
923682916
923682912
923682727
923682626
923682625
923682415
923682412
923682321
923682081
923682078
923681948
923681945
923681821
923681818
923681723
923681637
923681634
923681545
923681543
923681450
923681447
923681350
923681347
923681155
923681013
923680924
923680723
923680721
923680563
923680562
923680257
923680254
923680002
923679737
923679650
923679646
923679299
923679297
923679222
923678996
923678902
923678898
923678801
923678704
923678592
923678588
923678432
923678247
923678244
923678114
923678111
923678007
923678003
923677906
923677737
923677634
923677542
923677538
923677442
923677440
923677263
923677260
923677112
923676928
923676925
923676823
923676819
923676724
923676721
923676621
923676617
923676523
923676519
923676427
923676303
923676299
923676216
923676214
923676101
923676100
923675997
923675914
923675910
923675773
923675680
923675677
923675586
923675240
923675237
923675142
923675139
923674959
923674956
923674788
923674785
923674311
923674308
923674173
923674170
923673944
923673802
923673716
923673714
923673607
923673606
923673323
923673320
923672930
923672926
923672830
923672584
923672582
923672482
923672377
923672083
923672079
923671647
923671586
923671484
923671381
923671378
923671186
923671082
923671079
923670986
923670984
923670875
923670872
923670692
923670689
923670585
923670581
923670221
923670217
923670130
923670023
923669912
923669909
923669819
923669629
923669628
923669523
923669520
923669340
923669337
923668658
923668654
923668561
923668560
923668452
923668448
923668363
923668269
923668266
923668168
923668165
923668067
923667937
923667934
923667831
923667828
923667716
923667530
923667527
923667428
923667327
923667326
923667236
923667150
923666994
923666990
923666888
923666885
923666683
923666679
923666314
923666049
923666046
923665942
923665939
923665746
923665744
923665640
923665637
923665504
923665500
923665383
923665380
923665258
923665176
923665174
923664728
923664546
923664445
923664338
923664334
923664145
923663652
923663646
923663528
923663525
923663427
923663424
923663255
923663252
923663024
923662921
923662917
923662774
923662770
923662682
923662679
923662602
923662411
923662409
923662316
923662193
923662189
923661830
923661477
923661475
923661373
923661369
923661262
923661259
923661062
923661059
923660743
923660741
923660515
923660512
923660421
923660417
923660327
923660324
923660236
923659955
923659952
923659667
923659664
923659587
923659508
923659417
923659174
923659171
923659006
923658926
923658789
923658786
923658684
923658481
923658479
923658247
923658006
923658004
923657811
923657650
923657646
923657562
923657298
923657294
923657153
923657152
923656915
923656912
923656797
923656793
923656707
923656525
923656155
923656151
923656031
923656027
923655828
923655824
923655724
923655720
923655614
923655611
923655519
923655424
923655420
923655325
923655322
923655227
923655224
923655117
923655114
923654873
923654775
923654772
923654660
923654473
923654362
923654355
923654257
923654023
923654019
923653915
923653914
923653810
923653807
923653702
923653605
923653498
923653494
923653354
923653232
923653229
923653132
923653023
923653019
923652895
923652892
923652755
923652749
923652645
923652242
923652154
923652152
923652055
923651781
923651466
923651363
923651361
923651265
923650938
923650829
923650671
923650478
923650474
923650356
923650353
923650146
923650142
923649969
923649965
923649869
923649866
923649683
923649679
923649472
923649396
923649213
923649211
923649106
923649103
923648718
923648714
923648612
923648609
923648403
923648049
923648045
923647759
923647574
923647570
923647391
923646985
923646981
923646899
923646739
923646645
923646642
923646451
923646228
923646224
923645780
923645778
923645650
923645647
923645552
923645464
923645356
923645353
923645198
923645195
923644980
923644977
923644842
923644839
923644723
923644638
923644394
923644392
923644225
923644222
923644128
923643977
923643791
923643788
923643645
923643639
923643371
923643368
923643266
923643263
923642899
923642896
923642796
923642793
923642614
923642611
923642237
923642234
923642129
923642125
923641894
923641890
923641768
923641765
923641650
923641648
923641543
923641340
923641337
923641078
923641075
923640986
923640802
923640799
923640699
923640696
923640508
923640504
923640402
923640255
923640251
923640055
923640051
923639959
923639812
923639707
923639551
923639448
923639444
923639349
923639249
923639151
923639150
923639050
923638775
923638773
923638680
923638679
923638476
923638473
923638365
923638280
923638179
923638176
923637984
923637899
923637896
923637813
923637728
923637598
923637594
923637412
923637408
923637282
923637279
923637182
923637181
923637082
923637080
923637011
923636699
923636696
923636535
923636369
923636366
923636195
923636192
923636087
923636085
923635924
923635921
923635577
923635365
923635362
923635265
923635039
923634835
923634832
923634724
923634720
923634615
923634612
923634442
923634350
923634347
923634273
923634047
923633795
923633793
923633701
923633390
923633387
923633206
923633022
923633019
923632902
923632899
923632800
923632797
923632607
923632505
923632502
923632381
923632377
923632284
923632174
923632034
923632031
923631867
923631863
923631762
923631758
923631654
923631653
923631538
923631535
923631364
923631251
923631250
923631107
923630440
923630437
923630355
923630352
923630173
923630053
923629956
923629953
923629845
923629588
923629585
923629255
923629157
923629154
923629049
923629045
923628860
923628761
923628757
923628671
923628567
923628482
923628338
923628249
923627894
923627472
923627468
923627348
923627345
923627254
923626681
923626677
923626577
923626574
923626493
923626489
923626234
923626051
923626048
923625560
923625557
923625136
923625133
923624619
923624615
923624503
923624264
923624100
923623877
923623748
923623747
923623547
923623333
923623332
923623214
923623210
923623032
923623029
923622498
923622302
923622301
923622238
923622235
923622049
923622045
923621983
923621889
923621886
923621740
923621737
923621656
923621652
923621190
923621187
923621080
923620970
923620966
923620788
923620523
923620521
923620259
923620258
923619880
923619877
923619774
923619772
923619667
923619404
923619296
923619111
923619110
923618933
923618725
923618721
923618632
923618629
923618537
923618375
923618373
923618270
923618184
923618181
923617693
923617562
923617559
923617457
923617357
923617355
923617182
923617180
923616863
923616859
923616648
923616569
923616382
923616379
923616225
923616028
923615910
923615907
923615803
923615701
923615698
923615467
923615463
923615267
923615091
923614982
923614739
923614643
923614639
923614547
923614386
923614382
923614257
923614253
923614043
923614040
923613938
923613763
923613759
923613654
923613650
923613557
923613554
923613452
923613449
923613293
923613196
923613193
923613041
923613038
923612938
923612934
923612850
923612847
923612702
923612608
923612605
923612254
923612251
923612153
923612054
923611319
923611316
923610601
923610597
923610501
923610400
923610319
923610218
923610215
923610126
923610122
923610034
923610033
923609949
923609947
923609711
923609709
923609615
923609612
923609521
923609411
923609408
923609309
923609210
923609206
923608943
923608939
923608757
923608653
923608515
923608511
923608420
923608418
923608330
923608326
923608242
923607965
923607962
923607801
923607797
923607694
923607573
923607570
923607234
923607231
923607131
923607128
923606880
923606876
923606806
923606637
923606633
923606398
923606394
923605702
923605698
923605583
923605580
923605482
923605478
923605376
923605374
923605072
923604985
923604889
923604886
923604784
923604781
923604625
923604622
923604425
923604313
923604310
923604138
923604023
923604020
923603810
923603807
923603716
923603713
923603494
923602857
923602853
923602748
923602502
923602405
923602312
923602308
923602200
923602197
923602104
923602007
923602004
923601902
923601815
923601812
923601723
923601719
923601627
923601624
923601528
923601525
923601330
923601172
923600912
923600911
923600797
923600700
923600697
923600600
923600598
923600504
923600501
923600404
923600402
923600252
923600167
923600059
923599820
923599817
923599709
923599559
923599313
923598827
923598826
923598563
923598561
923598454
923598451
923598285
923598281
923598188
923597802
923597799
923597580
923597577
923597470
923597467
923597371
923597368
923597056
923596936
923596932
923596818
923596817
923596694
923596583
923596388
923595833
923595233
923595226
923593864
923593858
923593607
923593299
923593295
923592779
923592776
923590172
923590065
923588109
923576705
923576580
923573741
923573695
923570411
923569576
923567239
923565483
923565473
923564481
923564463
923562433
923562422
923561513
923561490
923558687
923558648
923557931
923557342
923556995
923556991
923556760
923556759
923556652
923556648
923556543
923556540
923556419
923556279
923556278
923556123
923556120
923555756
923555752
923555640
923555637
923555537
923555436
923555346
923555341
923555149
923555146
923555020
923555017
923554712
923554597
923554362
923554253
923554249
923554158
923553512
923553054
923552844
923552841
923552665
923552662
923552513
923552398
923552395
923552162
923552057
923552053
923551935
923551830
923551827
923551409
923551403
923551057
923550879
923550769
923550766
923550644
923550362
923550359
923550248
923550245
923550128
923550124
923550024
923550021
923549607
923549480
923549363
923549359
923549235
923549231
923549053
923548878
923548875
923548761
923548758
923548637
923548634
923548513
923548509
923548378
923548137
923548134
923548016
923548013
923547752
923547748
923547557
923547554
923547463
923547234
923547077
923547074
923546796
923546792
923546625
923546511
923546508
923546371
923546368
923546231
923546039
923546036
923545931
923545928
923545662
923545559
923545556
923545457
923545356
923545177
923545174
923545077
923544978
923544867
923544864
923544765
923544762
923544482
923544478
923544067
923544064
923543875
923543527
923543523
923543284
923543282
923543182
923543179
923543089
923542864
923542781
923542778
923542695
923542691
923542538
923542436
923542433
923542229
923542000
923541762
923541758
923541641
923541521
923541520
923541409
923541405
923541246
923540896
923540759
923540756
923540577
923540400
923540397
923540300
923540297
923540107
923540103
923540011
923540008
923539901
923539898
923539802
923539665
923539584
923539431
923539427
923539325
923539322
923539227
923539030
923538938
923538936
923538841
923538837
923538731
923538728
923538589
923538586
923538485
923538482
923538310
923538306
923538205
923538202
923538005
923538004
923537649
923537553
923537549
923537372
923537369
923537221
923537218
923537047
923536956
923536954
923536838
923536835
923536748
923536744
923536495
923536492
923536398
923536226
923536223
923536134
923536130
923535597
923535425
923534988
923534987
923534890
923534886
923533866
923533863
923533750
923533746
923533645
923533643
923533551
923533549
923533435
923533233
923533133
923533131
923533038
923532954
923532952
923532865
923532862
923532548
923532302
923532298
923532076
923532073
923531898
923531896
923531797
923531794
923531631
923531629
923531540
923531537
923531348
923531258
923531145
923530986
923530984
923530915
923530828
923530824
923530725
923530722
923530563
923530464
923530461
923530304
923530109
923530009
923529917
923529914
923529749
923529746
923529652
923529557
923529555
923529453
923529358
923529354
923529247
923529244
923528959
923528843
923528726
923528723
923528504
923528419
923528318
923528315
923528139
923528136
923527964
923527961
923527866
923527862
923527778
923527775
923527410
923527235
923527232
923526803
923526802
923526595
923526591
923526405
923526403
923526261
923526257
923526121
923526119
923526010
923526007
923525880
923525877
923525778
923525673
923525670
923525566
923525563
923525474
923525471
923525399
923525395
923525295
923525292
923525186
923525085
923525079
923524882
923524879
923524785
923524781
923524574
923524570
923524468
923524347
923524344
923524228
923524049
923523952
923523949
923523856
923523853
923523765
923523561
923523557
923523390
923522769
923522451
923522449
923522361
923522265
923522263
923521973
923521754
923521485
923521482
923521253
923521251
923521146
923520975
923520973
923520892
923520889
923520804
923520800
923520577
923520573
923520363
923520231
923520228
923520069
923519955
923519833
923519831
923519718
923519715
923519522
923519519
923519335
923519334
923519235
923519129
923519030
923518571
923518568
923518379
923518376
923518189
923518092
923518088
923518002
923517999
923517762
923517758
923517172
923517031
923516940
923516937
923516842
923516741
923516648
923516644
923516549
923516545
923516446
923516443
923516343
923516245
923516241
923516140
923516137
923515995
923515890
923515887
923515644
923515641
923515488
923515485
923515379
923515276
923515272
923515170
923515168
923514991
923514987
923514669
923514458
923514455
923514249
923514247
923514138
923514137
923513913
923513815
923513814
923513722
923513720
923513520
923513446
923513442
923513313
923513309
923513028
923513025
923512925
923512923
923512834
923512831
923512648
923512547
923512546
923512327
923512232
923512230
923512042
923512038
923511930
923511821
923511720
923511717
923511438
923511436
923511297
923511295
923511210
923511209
923510906
923510813
923510810
923510388
923510255
923510147
923510037
923509538
923509297
923509294
923509193
923509101
923509097
923508988
923508987
923508764
923508584
923508583
923508489
923508485
923507880
923507636
923507633
923507530
923507527
923507352
923507349
923507163
923507160
923507085
923507082
923506981
923506977
923506878
923506754
923506750
923506659
923506495
923506493
923506261
923506259
923506107
923506104
923505965
923505962
923505818
923505641
923505638
923505547
923505544
923505368
923505365
923505219
923505216
923505120
923505117
923505025
923505022
923504801
923504797
923504696
923504691
923504547
923504544
923504446
923504443
923504234
923503720
923503717
923503615
923503611
923503340
923503337
923503263
923503198
923503162
923503161
923503074
923503073
923503020
923503019
923502984
923502950
923502915
923502914
923502875
923502874
923502837
923502836
923502800
923502765
923502764
923502673
923502672
923502640
923502639
923502597
923502595
923502557
923502556
923502485
923502446
923502404
923502368
923502367
923502328
923502265
923502264
923502226
923502224
923502157
923502156
923502117
923502013
923501975
923501937
923501898
923501834
923501797
923501796
923501744
923501742
923501684
923501683
923501599
923501598
923501553
923501551
923501434
923501433
923501358
923501357
923501321
923501319
923501280
923501278
923501164
923501163
923501126
923501125
923500973
923500933
923500889
923500757
923500756
923500686
923500684
923500649
923500648
923500610
923500609
923500550
923500480
923500354
923500282
923500280
923500175
923500139
923500100
923500099
923500066
923500026
923500025
923499955
923499954
923499910
923499909
923499861
923499860
923499777
923499775
923499732
923499694
923499632
923499630
923499590
923499527
923499526
923499455
923499454
923499417
923499305
923499303
923499262
923499261
923499215
923499214
923499172
923499170
923499124
923499122
923499086
923499051
923499050
923498943
923498942
923498903
923498902
923498828
923498717
923498716
923498680
923498587
923498585
923498545
923498543
923498504
923498503
923498464
923498462
923498386
923498385
923498291
923498290
923498146
923498145
923498109
923498035
923498034
923497993
923497992
923497952
923497951
923497891
923497889
923497824
923497822
923497783
923497781
923497670
923497595
923497594
923497555
923497554
923497445
923497444
923497406
923497404
923497327
923497326
923497288
923497286
923497225
923497191
923497054
923496980
923496978
923496938
923496937
923496895
923496894
923496823
923496822
923496747
923496704
923496703
923496657
923496656
923496592
923496590
923496519
923496518
923496482
923496481
923496417
923496415
923496379
923496243
923496241
923496194
923496192
923496156
923496088
923496087
923496026
923495950
923495911
923495910
923495836
923495834
923495707
923495706
923495493
923495491
923495455
923495381
923495337
923495336
923495279
923495278
923495245
923495202
923495201
923495160
923495159
923495056
923494995
923494959
923494957
923494930
923494929
923494881
923494880
923494841
923494840
923494731
923494730
923494690
923494689
923494651
923494649
923494569
923494568
923494511
923494510
923494405
923494344
923494239
923494182
923494105
923494104
923494064
923494063
923494027
923493989
923493988
923493873
923493838
923493837
923493799
923493798
923493755
923493754
923493715
923493714
923493670
923493669
923493634
923493600
923493599
923493556
923493520
923493447
923493446
923493403
923493402
923493376
923493375
923493350
923493349
923493312
923493276
923493237
923493236
923493162
923493161
923493091
923493018
923493017
923492944
923492943
923492902
923492901
923492809
923492770
923492704
923492647
923492645
923492584
923492545
923492544
923492503
923492440
923492397
923492360
923492359
923492324
923492323
923492264
923492263
923492210
923492209
923492101
923492100
923492064
923492029
923491885
923491884
923491845
923491810
923491769
923491768
923491737
923491704
923491568
923491533
923491532
923491492
923491491
923491456
923491455
923491418
923491375
923491374
923491311
923491271
923491231
923491190
923491188
923491149
923491148
923491024
923491022
923490941
923490938
923490859
923490856
923490641
923490638
923490281
923490276
923490074
923490070
923489942
923489578
923489574
923489421
923489420
923489385
923489305
923489303
923489264
923489262
923489213
923489212
923489178
923489109
923489107
923489031
923489030
923488951
923488912
923488873
923488871
923488815
923488814
923488703
923488701
923488665
923488664
923488544
923488506
923488504
923488353
923488351
923488317
923488284
923488283
923488249
923488247
923488132
923488130
923488093
923488056
923488055
923488016
923488015
923487978
923487882
923487881
923487845
923487778
923487737
923487736
923487697
923487695
923487656
923487655
923487616
923487615
923487561
923487560
923487518
923487516
923487471
923487470
923487433
923487370
923487369
923487329
923487289
923487288
923487245
923487244
923487202
923487201
923487160
923487158
923487124
923486963
923486891
923486890
923486838
923486837
923486773
923486772
923486736
923486698
923486696
923486600
923486535
923486456
923486455
923486389
923486388
923486347
923486308
923486306
923486011
923486009
923485971
923485970
923485895
923485894
923485857
923485855
923485819
923485779
923485700
923485611
923485610
923485500
923485433
923485432
923485390
923485389
923485352
923485313
923485311
923485222
923485221
923485170
923485105
923485104
923485062
923485061
923485027
923484964
923484924
923484922
923484846
923484845
923484806
923484805
923484766
923484729
923484727
923484691
923484690
923484617
923484616
923484576
923484575
923484472
923484470
923484430
923484429
923484365
923484364
923484325
923484323
923484286
923484232
923484196
923484155
923484088
923484050
923484049
923483956
923483955
923483902
923483868
923483866
923483830
923483828
923483793
923483792
923483756
923483716
923483715
923483641
923483640
923483601
923483599
923483565
923483524
923483523
923483482
923483481
923483442
923483440
923483402
923483401
923483277
923483276
923483241
923483240
923483164
923483129
923483050
923483049
923483019
923482979
923482944
923482908
923482906
923482854
923482795
923482794
923482757
923482718
923482717
923482683
923482647
923482539
923482466
923482465
923482426
923482387
923482354
923482352
923482312
923482311
923482278
923482188
923482187
923482078
923482077
923482039
923482037
923481973
923481972
923481931
923481930
923481858
923481857
923481818
923481817
923481781
923481743
923481703
923481702
923481661
923481660
923481566
923481501
923481500
923481374
923481335
923481333
923481296
923481294
923481192
923481156
923481155
923481072
923481071
923480994
923480889
923480814
923480812
923480709
923480668
923480630
923480629
923480580
923480579
923480418
923480416
923480314
923480312
923480265
923480220
923480218
923480030
923480028
923479962
923479960
923479909
923479908
923479810
923479807
923479731
923479730
923479657
923479656
923479620
923479619
923479460
923479458
923479418
923479417
923479376
923479375
923479322
923479320
923479284
923479245
923479244
923479207
923479169
923479168
923479127
923479125
923479085
923479084
923479029
923479028
923478988
923478945
923478944
923478904
923478902
923478720
923478682
923478643
923478642
923478578
923478577
923478539
923478537
923478468
923478466
923478382
923478380
923478342
923478304
923478220
923478151
923478111
923478071
923477999
923477962
923477961
923477921
923477920
923477888
923477849
923477810
923477770
923477768
923477715
923477714
923477667
923477665
923477555
923477553
923477511
923477510
923477466
923477463
923477366
923477321
923477320
923477271
923477270
923477230
923477228
923477184
923477183
923476995
923476951
923476948
923476840
923476838
923476794
923476749
923476690
923476688
923476599
923476598
923476448
923476445
923476403
923476402
923476329
923476281
923476238
923476045
923476042
923475954
923475953
923475904
923475903
923475865
923475748
923475747
923475655
923475564
923475562
923475516
923475473
923475405
923475359
923475358
923475307
923475200
923475199
923475111
923475109
923474813
923474812
923474764
923474714
923474711
923474662
923474616
923474614
923474566
923474524
923474472
923474471
923474409
923474408
923474364
923474312
923474311
923474262
923474260
923474196
923474194
923474152
923474101
923474049
923474003
923473918
923473872
923473871
923473831
923473830
923473780
923473778
923473709
923473667
923473665
923473613
923473562
923473513
923473464
923473463
923473401
923473356
923473355
923473308
923473306
923473221
923473220
923473176
923473174
923473131
923473082
923473081
923473035
923468013
923467603
923467384
923467045
923467040
923466953
923466906
923466904
923466857
923466855
923466742
923466666
923466664
923466592
923466591
923466545
923466544
923466496
923466495
923466408
923466405
923466338
923466335
923466293
923466250
923466205
923466156
923466154
923466110
923466037
923466036
923465988
923465986
923465926
923465923
923465829
923465827
923465780
923465779
923465716
923465713
923465647
923465646
923465611
923465610
923465465
923465461
923465412
923465365
923465280
923465277
923465232
923465184
923465183
923465106
923465104
923465027
923465025
923464969
923464967
923464911
923464908
923464861
923464807
923464804
923464631
923464630
923464560
923464559
923464434
923464433
923464329
923464328
923464201
923464199
923464157
923464106
923464105
923464040
923464038
923463981
923463980
923463896
923463758
923463756
923463709
923463708
923463615
923463557
923463435
923463433
923463389
923463388
923463342
923463236
923463188
923463135
923463041
923462960
923462862
923462861
923462816
923462815
923462554
923462552
923462446
923462444
923462391
923462390
923462340
923462339
923462192
923462191
923462116
923462067
923462066
923462019
923462018
923461929
923461928
923461873
923461872
923461802
923461799
923461699
923461588
923461462
923461309
923461308
923461225
923461142
923461141
923461106
923461076
923461022
923461021
923460971
923460969
923460874
923460872
923460827
923460729
923460631
923460630
923460581
923460541
923460540
923460465
923460463
923460416
923460376
923460374
923460332
923460331
923460290
923460289
923460183
923460181
923460144
923460109
923460037
923459998
923459997
923459968
923459931
923459930
923459882
923459880
923459806
923459805
923459666
923459664
923459614
923459612
923459560
923459557
923459489
923459486
923459429
923459382
923459329
923459283
923459282
923459182
923459181
923458954
923458901
923458899
923458845
923458567
923458455
923458405
923458354
923458294
923458292
923458239
923458186
923458185
923458132
923458130
923458077
923458076
923458027
923458024
923457835
923457752
923457749
923457698
923457696
923457642
923457594
923457593
923457380
923457377
923457322
923457279
923457188
923457187
923457132
923457131
923457026
923457025
923456972
923456971
923456916
923456914
923456867
923456772
923456634
923456485
923456431
923456430
923456373
923456371
923456316
923456314
923456261
923456168
923456166
923456116
923456072
923456070
923456020
923456018
923455962
923455960
923455902
923455791
923455790
923455735
923455734
923455632
923455631
923455576
923455574
923455485
923455483
923455414
923455275
923455225
923455147
923455145
923455107
923455105
923455067
923455008
923455006
923454904
923454902
923454870
923454868
923454831
923454828
923454653
923454652
923454619
923454561
923454559
923454511
923454509
923454420
923454418
923454310
923454307
923454254
923454253
923454198
923454196
923454042
923454041
923453980
923453977
923453913
923453910
923453851
923453759
923453758
923453644
923453643
923453597
923453595
923453451
923453448
923453371
923453270
923453268
923453219
923453218
923453126
923453070
923453012
923453011
923452827
923452714
923452713
923452608
923452605
923452505
923452503
923452447
923452445
923452337
923452334
923452237
923452236
923451781
923451779
923451726
923451724
923451679
923451627
923451626
923451565
923451564
923451514
923451434
923451390
923451342
923451213
923451210
923451041
923450987
923450985
923450935
923450863
923450860
923450752
923450751
923450646
923450645
923450520
923450519
923450484
923450483
923450442
923450441
923450402
923450400
923450355
923450353
923450325
923450324
923450293
923450222
923450221
923450182
923450180
923450124
923450016
923450015
923449885
923449884
923449818
923449817
923449680
923449679
923449625
923449624
923449575
923449513
923449511
923449453
923449393
923449209
923449041
923449039
923448932
923448930
923448818
923448471
923448415
923448413
923448353
923448351
923448303
923448252
923448176
923448174
923448107
923448105
923447969
923447911
923447910
923447855
923447853
923447751
923447609
923447555
923447504
923447472
923447471
923447447
923447352
923447349
923447297
923447249
923447167
923447100
923447098
923447039
923447038
923446829
923446826
923446775
923446774
923446725
923446724
923446668
923446667
923446397
923446395
923446346
923446344
923446282
923446281
923446175
923446173
923446112
923446110
923446053
923446052
923445990
923445989
923445810
923445809
923445551
923445501
923445500
923445445
923445443
923445394
923445339
923445073
923445072
923445010
923445008
923444857
923444854
923444717
923444643
923444535
923444426
923444425
923444364
923444362
923444305
923444244
923444242
923444180
923444177
923444119
923444117
923444056
923444055
923443998
923443959
923443957
923443915
923443723
923443591
923443590
923443470
923443418
923443415
923443363
923443360
923443306
923443305
923443213
923443211
923443162
923443036
923442941
923442939
923442869
923442868
923442815
923442813
923442688
923442687
923442634
923442633
923442577
923442576
923442470
923442467
923442366
923442363
923442315
923442263
923442261
923442169
923442168
923442089
923442088
923441909
923441868
923441777
923441775
923441583
923441580
923441531
923441530
923441391
923441390
923441306
923441212
923441153
923441152
923441095
923441040
923441037
923440899
923440849
923440758
923440757
923440708
923440706
923440647
923440645
923440570
923440567
923440517
923440516
923440462
923440460
923440408
923440406
923440359
923440183
923440088
923440037
923440034
923439982
923439981
923439930
923439929
923439815
923439763
923439709
923439708
923439659
923439632
923439527
923439525
923439473
923439472
923439300
923439244
923439242
923439189
923439187
923439136
923439134
923439052
923439005
923439003
923438876
923438804
923438744
923438742
923438705
923438704
923438627
923438625
923438585
923438548
923438546
923438478
923438477
923438443
923438403
923438402
923438361
923438360
923438324
923438323
923438285
923438284
923438243
923438242
923438197
923438196
923438153
923438150
923438134
923438132
923438076
923438075
923437980
923437979
923437945
923437901
923437864
923437829
923437792
923437791
923437721
923437720
923437688
923437687
923437648
923437646
923437613
923437612
923437536
923437535
923437498
923437407
923437373
923437372
923437243
923437242
923437206
923437205
923437103
923437102
923437066
923437065
923436992
923436961
923436900
923436899
923436862
923436860
923436763
923436702
923436637
923436636
923436598
923436596
923436564
923436563
923436513
923436512
923436445
923436443
923436404
923436403
923436361
923436360
923436297
923436295
923436258
923436195
923436193
923436117
923436047
923436045
923436009
923435974
923435973
923435926
923435879
923435877
923435838
923435799
923435749
923435710
923435708
923435660
923435659
923435623
923435621
923435586
923435585
923435548
923435547
923435476
923435402
923435356
923435319
923435317
923435278
923435277
923435194
923435192
923435145
923435144
923435070
923435068
923434973
923434972
923434910
923434846
923434811
923434810
923434652
923434651
923434613
923434612
923434523
923434444
923434442
923434387
923434386
923434348
923434347
923434255
923434253
923434191
923434190
923434156
923434154
923434122
923433968
923433967
923433928
923433927
923433891
923433890
923433851
923433850
923433794
923433793
923433758
923433696
923433663
923433633
923433599
923433598
923433534
923433532
923433462
923433460
923433398
923433397
923433315
923433314
923433264
923433229
923433158
923433157
923433056
923433055
923433024
923432969
923432935
923432934
923432859
923432858
923432822
923432821
923432785
923432749
923432748
923432574
923432366
923432365
923432327
923432326
923432290
923432255
923432225
923432162
923432161
923432124
923432123
923432084
923432082
923432011
923432010
923431920
923431851
923431850
923431779
923431718
923431717
923431610
923431609
923431571
923431569
923431531
923431530
923431495
923431456
923431455
923431419
923431417
923431348
923431294
923431293
923431253
923431212
923431211
923431138
923431100
923431099
923431060
923431059
923431023
923430997
923430868
923430867
923430810
923430809
923430769
923430695
923430693
923430618
923430616
923430514
923430476
923430475
923430438
923430292
923430254
923430214
923430213
923430134
923430132
923430099
923430098
923430059
923430058
923430012
923429945
923429859
923429858
923429799
923429798
923429719
923429645
923429583
923429581
923429536
923429496
923429454
923429418
923429416
923429379
923429378
923429338
923429270
923429235
923429178
923429177
923429141
923429140
923429068
923429066
923429028
923428991
923428954
923428922
923428749
923428663
923428662
923428632
923428631
923428597
923428595
923428531
923428530
923428490
923428489
923428435
923428433
923428353
923428314
923428293
923428263
923428186
923428153
923428091
923428090
923428056
923428016
923428014
923427960
923427912
923427911
923427860
923427858
923427762
923427721
923427719
923427680
923427639
923427563
923427562
923427526
923427488
923427487
923427375
923427327
923427290
923427234
923427233
923427192
923427190
923427112
923427111
923427073
923427032
923426995
923426994
923426947
923426913
923426912
923426845
923426808
923426807
923426667
923426666
923426598
923426597
923426557
923426555
923426479
923426406
923426404
923426335
923426333
923426301
923426266
923426232
923426205
923426183
923426152
923426151
923426068
923426067
923425946
923425880
923425879
923425839
923425837
923425799
923425739
923425738
923425702
923425630
923425629
923425589
923425588
923425549
923425508
923425506
923425356
923425355
923425279
923425240
923425163
923425162
923425121
923425119
923425082
923425081
923425045
923425043
923425005
923425004
923424955
923424855
923424853
923424625
923424623
923424507
923424506
923424468
923424467
923424432
923424431
923424329
923424328
923424287
923424286
923424218
923424176
923424174
923424137
923424102
923415155
923415154
923415075
923415074
923415033
923415032
923414852
923414851
923414809
923414808
923414742
923414741
923414707
923414705
923414664
923414663
923414626
923414624
923414551
923414509
923414507
923414470
923414390
923414389
923414306
923414247
923414246
923414202
923414201
923414165
923414129
923414058
923414022
923414021
923413982
923413981
923413914
923413912
923413842
923413751
923413750
923413662
923413661
923413599
923413561
923413483
923413482
923413438
923413437
923413373
923413372
923413314
923413313
923413238
923413237
923413154
923413153
923413112
923413110
923413076
923413035
923413034
923412966
923412965
923412777
923412776
923412737
923412736
923412698
923412697
923412654
923412653
923412584
923412583
923412522
923412520
923412443
923412404
923412403
923412299
923412258
923412257
923412203
923412202
923412123
923412121
923412082
923412080
923412011
923411978
923411976
923411935
923411934
923411845
923411844
923411789
923411787
923411749
923411570
923411569
923411537
923411453
923411414
923411413
923411333
923411264
923411172
923411171
923411068
923411066
923411026
923411024
923410987
923410986
923410913
923410911
923410822
923410821
923410789
923410788
923410749
923410747
923410691
923410653
923410652
923410573
923410572
923410435
923410434
923410397
923410358
923410357
923410316
923410315
923410273
923410170
923410120
923410053
923410052
923410013
923410011
923409950
923409948
923409739
923409738
923409601
923409600
923409546
923409544
923409468
923409467
923409426
923409387
923409385
923409348
923409314
923409313
923409226
923409109
923409005
923409004
923408968
923408966
923408923
923408922
923408850
923408748
923408746
923408708
923408707
923408661
923408660
923408563
923408517
923408480
923408478
923408440
923408439
923408396
923408395
923408354
923408353
923408313
923408312
923408271
923408269
923408232
923408163
923408162
923408124
923407974
923407973
923407934
923407896
923407858
923407822
923407733
923407732
923407692
923407558
923407557
923407520
923407415
923407414
923407375
923407373
923407336
923407335
923407272
923407271
923407218
923407217
923407141
923407140
923407098
923406999
923406998
923406890
923406888
923406825
923406786
923406785
923406704
923406703
923406627
923406626
923406587
923406586
923406546
923406508
923406465
923406368
923406367
923406330
923406293
923406291
923406205
923406135
923406094
923406093
923406058
923406057
923405954
923405915
923405878
923405843
923405769
923405669
923405668
923405630
923405584
923405583
923405538
923405375
923405336
923405335
923405277
923405234
923405233
923405158
923405157
923405091
923405090
923405053
923405052
923404962
923404924
923404923
923404879
923404878
923404846
923404732
923404730
923404690
923404688
923404651
923404649
923404609
923404567
923404429
923404427
923404357
923404319
923404318
923404213
923404212
923404169
923404168
923404095
923404093
923404052
923404050
923404012
923403971
923403970
923403930
923403929
923403864
923403802
923403800
923403767
923403696
923403694
923403656
923403615
923403613
923403584
923403549
923403509
923403508
923403428
923403388
923403387
923403350
923403348
923403277
923403276
923403206
923403114
923403074
923403073
923403038
923402993
923402957
923402881
923402879
923402830
923402792
923402756
923402711
923402664
923402591
923402589
923402491
923402470
923402469
831180718
831180716
831180714
831180712
831180710
831180708
831180706
831180704
831180702
831180700
831180698
831180696
629679039
629679024
629678930
629678833
629678769
629678751
629678731
629678701
629678667
629678617
629678581
629678413
629678369
629678311
629678269
629678249
629678229
629678189
629678171
629678155
815957235
629679723
629679605
629679517
629679451
629679337
629679285
629679177
629679109
629678067
629678065
629678061
629677975
629677965
629677861
629677781
629677705
629677651
629677631
629677601
629677535
629677501
629677477
629677427
629677397
629677371
629676479
629676394
629676386
629676339
752824150
752824148
752824144
752824142
752824140
752824138
752824134
752824132
752824127
752824124
752824121
752824119
752824116
752824114
752824109
752824106
752824102
752824099
752824096
752824094
752824084
752824068
752824065
752824059
752824057
752824055
752824049
752824043
752824041
752824038
752824035
752824029
752824027
752824024
752824021
752824018
752824015
752824012
752824010
752824007
752824001
752823998
752823995
752823993
752823991
752823989
752823987
752823984
752823981
752823979
752823976
752823973
752823970
752823968
752823963
752823960
752823958
752823956
752823954
752823948
752823946
752823944
752823942
752823940
752823938
752823936
752823934
752823930
752823926
752823924
752823922
752823918
752823916
752823914
752823912
752823910
752823908
752823906
752823904
752823902
752823900
752823896
752823894
752823892
752823890
752823886
752823884
752823882
752823880
752823872
752823870
752823868
752823866
752823864
752823860
752823858
752823856
752823854
752823852
752823850
752823848
752823846
752823844
752823840
752823838
752823836
752823834
752823832
752823830
752823828
752823826
752823824
752823822
752823820
752823818
752823816
752823814
752823812
752823810
752823808
752823804
752823794
752823792
752823790
752823788
752823786
752823784
752823782
752823780
752823778
752823776
752823774
752823772
752823770
752823768
752823766
752823762
752823758
752823756
752823754
752823752
752823750
752823748
752823746
752823744
752823742
752823740
752823738
752823736
752823734
752823732
752823730
752823728
752823726
752823724
745721140
745721128
745721066
745721027
745720979
745720891
745720794
745720721
745720715
745720682
629677133
629677106
629676919
629676770
629676746
629676730
629676689
629676652
594018562
675145137
675144988
675144798
629677275
629677253
629677233
629677221
512990503
512990501
512990499
510793336
510793270
510793268
510793266
576310499
409187667
409187651
409187606
402236772
402236756
402236710
402236590
402236504
402236488
402236484
402236341
402236334
402236311
402236135
402236131
402236113
402236111
402235887
402235871
402235825
402236572
402236143
452119076
563324894
563323232
404425548
404425544
404425536
404425528
404425490
404425486
521073980
521073979
521073932
521073930
521073865
521073863
521073805
400297016
400296990
400296968
400296944
400296928
400296914
400296896
400296886
400296834
400296828
400296764
400296756
400296720
400296706
400296688
400296652
400296624
400296618
400296554
400296546
400296510
400296496
400296478
400296444
400296416
400296410
400296350
400296342
400296306
400296292
400296274
400296238
411147959
411147947
399518311
399518247
399518245
399518211
399518209
399518175
399518173
399518146
399518123
399518091
399518059
400297138
400297114
398473861
398473849
398473818
398473763
398473720
385718049
385718027
385718007
384231831
384231829
384231825
384231823
384231821
384231819
384231817
384231815
384231813
384231811
381286332
381286245
381286241
381286557
381286545
381286543
307547510
307547498
323404328
323404318
323404300
323404278
323404266
323404260
359285643
359285641
359285637
359285635
359285633
359285631
359285629
359285627
359285623
359285621
359285619
359285605
359285603
359285601
359285599
359285597
359285595
359285593
359285591
359285589
359285587
359285585
359285581
359285577
359285193
359285189
359285185
359285183
359285181
359285179
359285177
359285175
359285173
359285171
359285137
359285135
359285133
359285131
359285129
359285127
359285125
359285123
359285121
359285117
359285113
359285111
359285109
359285107
359285093
359285091
359285087
359285085
359285083
359285081
359285079
359285077
359285075
359285073
359285071
359285067
359284685
359284679
359284677
359284675
359284673
359284669
359284667
359284665
359284663
359284661
359284659
359284623
359284621
359284619
359284615
359284613
359284609
359284605
359284603
359284601
359284599
359284597
359284595
359284581
359284579
359284577
359284575
359284573
359284571
359284569
359284567
359284565
359284563
359284557
359284555
359284173
359284169
359284167
359284161
359284155
359284153
359284151
359284149
359284147
359284113
359284111
359284109
359284107
359284105
359284103
359284101
359284099
359284097
359284095
359284093
359284091
359284089
359284087
359284085
359284083
359284065
359284063
359284061
359284059
359284057
359284055
359284053
359284051
359284049
359284047
359284045
359284043
359283659
359283657
359283655
359283653
359283651
359283649
359283647
359283645
359283643
359283601
359283599
359283593
359283591
359283587
359283585
359283581
359283579
359283577
359283575
359283571
359283557
359283555
359283553
359283551
359283549
359283547
359283545
359283543
359283541
359283539
359283537
359283535
359283533
359283149
359283147
359283145
359283143
359283141
359283137
359283135
359283131
359283129
359283127
359283091
359283089
359283087
359283085
359283083
359283081
359283079
359283077
359283075
359283073
359283071
359283069
359283067
359283065
359283051
359283049
359283047
359283043
359283041
359283039
359283037
359283035
359283033
359283031
359283027
359283025
359282643
359282641
359282637
359282635
359282633
359282631
359282629
359282623
359282621
359282619
359282617
359282581
359282579
359282575
359282573
359282571
359282569
359282565
359282563
359282561
359282559
359282557
359282555
359282539
359282537
359282533
359282531
359282529
359282527
359282525
359282523
359282521
359282519
359282517
359282515
359282513
359282131
359282129
359282127
359282125
359282123
359282121
359282119
359282115
359282113
359282111
359282109
359282107
359282105
359282071
359282069
359282067
359282063
359282061
359282059
359282057
359282055
359282053
359282051
359282049
359282047
359282045
359282043
359282041
359282027
359282025
359282023
359282021
359282019
359282017
359282015
359282013
359282011
359282009
359282007
359282001
359281619
359281617
359281615
359281613
359281611
359281605
359281597
359281595
359281593
359281555
359281553
359281549
359281547
359281545
359281543
359281541
359281539
359281535
359281533
359281515
359281513
359281511
359281509
359281507
359281505
359281503
359281501
359281499
359281497
359281495
359281493
359281491
359281489
359281105
359281103
359281099
359281095
359281093
359281091
359281089
359281083
359281047
359281045
359281039
359281037
359281035
359281033
359281031
359281029
359281025
359281023
359281019
359281017
359281003
359281001
359280999
359280997
359280987
359280985
359280983
359280981
359280979
359280977
359280595
359280583
359280579
359280575
359280573
359280571
359280569
359280535
359280533
359280531
359280529
359280525
359280523
359280519
359280517
359280515
359280511
359280509
359280505
359280491
359280489
359280487
359280485
359280483
359280475
359280473
359280467
359280083
359280081
359280079
359280077
359280073
359280071
359280069
359280063
359280061
359280057
359284041
359283531
359283023
359282511
359281999
359281487
359280975
359280463
374105549
374105545
374105543
374105541
374105539
374105537
374105533
374105531
374105529
374105527
374105525
374105523
374105519
374105441
374105254
374105252
374105250
374105248
374096396
374096394
374096392
374096386
374096378
374096376
374096374
374096372
374096368
374096364
374096362
374096360
374096358
374096356
359285615
359285613
359285611
359285609
359285607
359285575
359285573
359285571
359285569
359285565
359285563
359285561
359285559
359285557
359285555
359285551
359285549
359285547
359285545
359285543
359285541
359285539
359285537
359285535
359285533
359285531
359285529
359285527
359285525
359285523
359285521
359285519
359285517
359285513
359285509
359285507
359285505
359285503
359285501
359285499
359285485
359285481
359285479
359285477
359285475
359285473
359285471
359285469
359285465
359285459
359285457
359285455
359285453
359285451
359285449
359285447
359285445
359285443
359285439
359285431
359285429
359285423
359285421
359285419
359285417
359285413
359285411
359285409
359285405
359285401
359285399
359285397
359285393
359285391
359285389
359285387
359285385
359285383
359285377
359285375
359285373
359285367
359285365
359285363
359285357
359285355
359285353
359285351
359285349
359285347
359285345
359285343
359285341
359285339
359285337
359285335
359285333
359285329
359285327
359285323
359285319
359285317
359285315
359285311
359285309
359285307
359285305
359285299
359285289
359285287
359285285
359285283
359285281
359285273
359285271
359285269
359285267
359285263
359285261
359285259
359285257
359285255
359285253
359285251
359285247
359285245
359285243
359285241
359285237
359285233
359285231
359285229
359285227
359285223
359285221
359285219
359285217
359285215
359285213
359285207
359285205
359285203
359285201
359285169
359285167
359285165
359285159
359285157
359285155
359285153
359285151
359285149
359285147
359285139
359285103
359285095
359285059
359285057
359285055
359285053
359285049
359285047
359285045
359285043
359285041
359285039
359285037
359285035
359285027
359285025
359285021
359285019
359285013
359285011
359285009
359285005
359285003
359285001
359284999
359284997
359284995
359284993
359284991
359284987
359284985
359284983
359284981
359284979
359284975
359284973
359284971
359284969
359284967
359284963
359284959
359284951
359284947
359284941
359284939
359284937
359284935
359284933
359284931
359284929
359284927
359284925
359284923
359284921
359284919
359284917
359284915
359284913
359284909
359284905
359284903
359284901
359284899
359284897
359284895
359284893
359284891
359284889
359284887
359284885
359284883
359284879
359284873
359284871
359284869
359284867
359284865
359284863
359284861
359284859
359284857
359284855
359284853
359284851
359284849
359284847
359284845
359284843
359284841
359284839
359284837
359284835
359284833
359284831
359284829
359284827
359284825
359284823
359284821
359284819
359284817
359284815
359284813
359284811
359284809
359284805
359284803
359284801
359284799
359284797
359284789
359284785
359284773
359284771
359284769
359284767
359284765
359284763
359284761
359284759
359284757
359284753
359284751
359284749
359284747
359284745
359284743
359284741
359284739
359284737
359284733
359284731
359284729
359284723
359284721
359284719
359284709
359284701
359284699
359284697
359284695
359284693
359284691
359284689
359284687
359284657
359284655
359284653
359284651
359284649
359284645
359284641
359284639
359284637
359284635
359284633
359284631
359284629
359284627
359284593
359284589
359284587
359284585
359284583
359284551
359284545
359284543
359284539
359284537
359284535
359284529
359284527
359284525
359284521
359284519
359284517
359284515
359284513
359284507
359284505
359284503
359284501
359284499
359284497
359284495
359284491
359284489
359284487
359284483
359284479
359284471
359284465
359284463
359284461
359284457
359284455
359284453
359284451
359284449
359284445
359284443
359284439
359284437
359284435
359284433
359284423
359284419
359284417
359284415
359284413
359284411
359284409
359284407
359284405
359284403
359284401
359284399
359284397
359284395
359284393
359284391
359284389
359284387
359284385
359284383
359284381
359284379
359284377
359284373
359284371
359284369
359284367
359284363
359284361
359284357
359284355
359284351
359284349
359284347
359284345
359284343
359284341
359284339
359284335
359284333
359284331
359284329
359284327
359284325
359284323
359284321
359284319
359284317
359284315
359284311
359284307
359284305
359284303
359284301
359284299
359284297
359284295
359284293
359284291
359284289
359284287
359284285
359284283
359284281
359284279
359284277
359284275
359284265
359284263
359284259
359284257
359284255
359284253
359284251
359284249
359284247
359284245
359284243
359284241
359284239
359284237
359284235
359284233
359284231
359284229
359284227
359284225
359284219
359284217
359284213
359284211
359284209
359284207
359284205
359284203
359284201
359284199
359284197
359284195
359284193
359284191
359284189
359284187
359284185
359284183
359284181
359284179
359284177
359284175
359284145
359284143
359284141
359284139
359284137
359284135
359284133
359284131
359284129
359284127
359284125
359284123
359284121
359284117
359284115
359284081
359284079
359284077
359284071
359284039
359284035
359284033
359284031
359284029
359284021
359284019
359284017
359284015
359284013
359284011
359284009
359284007
359284005
359283997
359283995
359283993
359283991
359283989
359283987
359283985
359283981
359283979
359283973
359283971
359283969
359283967
359283965
359283959
359283957
359283955
359283953
359283951
359283949
359283947
359283945
359283941
359283935
359283933
359283931
359283929
359283927
359283925
359283921
359283919
359283909
359283907
359283905
359283903
359283901
359283899
359283897
359283889
359283885
359283883
359283881
359283879
359283875
359283873
359283871
359283869
359283865
359283863
359283861
359283859
359283855
359283853
359283849
359283847
359283845
359283843
359283839
359283837
359283835
359283833
359283831
359283829
359283827
359283825
359283821
359283817
359283815
359283813
359283809
359283807
359283805
359283803
359283801
359283797
359283795
359283793
359283791
359283789
359283787
359283785
359283781
359283779
359283775
359283773
359283771
359283769
359283767
359283765
359283763
359283761
359283759
359283757
359283755
359283753
359283751
359283749
359283745
359283743
359283741
359283739
359283735
359283733
359283731
359283729
359283727
359283725
359283723
359283721
359283719
359283717
359283713
359283711
359283709
359283705
359283703
359283701
359283699
359283695
359283687
359283685
359283683
359283681
359283679
359283677
359283675
359283673
359283665
359283633
359283631
359283627
359283625
359283623
359283619
359283617
359283613
359283611
359283609
359283607
359283605
359283603
359283569
359283565
359283563
359283561
359283529
359283527
359283525
359283523
359283521
359283513
359283511
359283509
359283507
359283505
359283503
359283501
359283499
359283497
359283495
359283493
359283491
359283489
359283487
359283483
359283471
359283469
359283467
359283465
359283463
359283461
359283459
359283457
359283455
359283453
359283451
359283449
359283447
359283445
359283443
359283441
359283439
359283435
359283433
359283431
359283429
359283427
359283425
359283423
359283421
359283419
359283417
359283415
359283413
359283411
359283409
359283407
359283405
359283403
359283401
359283399
359283397
359283395
359283393
359283391
359283389
359283387
359283385
359283383
359283381
359283379
359283377
359283375
359283373
359283371
359283369
359283367
359283365
359283363
359283361
359283359
359283357
359283355
359283351
359283347
359283345
359283343
359283339
359283337
359283335
359283333
359283331
359283329
359283327
359283325
359283321
359283319
359283317
359283313
359283309
359283307
359283305
359283303
359283301
359283299
359283293
359283291
359283289
359283287
359283285
359283281
359283279
359283277
359283275
359283271
359283265
359283263
359283261
359283259
359283257
359283255
359283249
359283247
359283245
359283243
359283239
359283237
359283235
359283233
359283231
359283229
359283227
359283223
359283221
359283219
359283213
359283211
359283209
359283207
359283205
359283203
359283201
359283197
359283195
359283193
359283191
359283189
359283187
359283185
359283181
359283179
359283177
359283175
359283173
359283171
359283169
359283167
359283159
359283157
359283125
359283123
359283115
359283113
359283111
359283105
359283103
359283099
359283097
359283095
359283061
359283059
359283057
359283021
359283019
359283017
359283013
359283011
359283009
359283007
359283005
359283003
359282999
359282997
359282995
359282993
359282991
359282989
359282987
359282985
359282983
359282981
359282973
359282971
359282969
359282967
359282965
359282963
359282961
359282959
359282957
359282949
359282947
359282945
359282943
359282941
359282939
359282935
359282913
359282911
359282909
359282907
359282905
359282903
359282901
359282899
359282897
359282895
359282893
359282891
359282889
359282887
359282885
359282883
359282881
359282877
359282875
359282873
359282871
359282867
359282865
359282863
359282859
359282853
359282851
359282849
359282847
359282845
359282843
359282841
359282839
359282837
359282835
359282833
359282831
359282829
359282827
359282825
359282821
359282819
359282817
359282815
359282811
359282809
359282807
359282805
359282803
359282801
359282799
359282797
359282795
359282793
359282791
359282789
359282787
359282785
359282781
359282779
359282777
359282775
359282773
359282771
359282769
359282767
359282765
359282763
359282759
359282757
359282755
359282753
359282747
359282741
359282739
359282737
359282735
359282733
359282731
359282729
359282727
359282725
359282723
359282721
359282719
359282717
359282715
359282713
359282711
359282709
359282707
359282701
359282699
359282697
359282695
359282693
359282691
359282689
359282687
359282685
359282683
359282681
359282679
359282677
359282675
359282673
359282669
359282665
359282663
359282661
359282653
359282651
359282647
359282645
359282615
359282613
359282611
359282609
359282607
359282605
359282603
359282601
359282597
359282595
359282593
359282591
359282585
359282551
359282549
359282547
359282543
359282541
359282507
359282505
359282503
359282501
359282499
359282497
359282495
359282493
359282491
359282487
359282481
359282477
359282473
359282471
359282469
359282467
359282465
359282463
359282459
359282457
359282455
359282453
359282447
359282443
359282439
359282437
359282435
359282433
359282431
359282429
359282427
359282425
359282423
359282421
359282419
359282415
359282413
359282411
359282409
359282407
359282405
359282401
359282399
359282397
359282395
359282393
359282391
359282387
359282385
359282381
359282377
359282375
359282373
359282371
359282363
359282361
359282359
359282357
359282355
359282353
359282351
359282349
359282347
359282345
359282343
359282341
359282337
359282331
359282329
359282327
359282325
359282323
359282321
359282317
359282315
359282313
359282311
359282309
359282307
359282303
359282301
359282299
359282297
359282295
359282293
359282289
359282287
359282285
359282283
359282281
359282279
359282277
359282275
359282273
359282271
359282267
359282265
359282263
359282261
359282259
359282257
359282255
359282253
359282251
359282249
359282247
359282245
359282243
359282241
359282235
359282233
359282231
359282229
359282227
359282225
359282223
359282221
359282219
359282217
359282215
359282213
359282211
359282209
359282207
359282205
359282203
359282201
359282199
359282197
359282195
359282193
359282191
359282189
359282187
359282185
359282183
359282181
359282179
359282177
359282175
359282173
359282171
359282169
359282165
359282163
359282161
359282155
359282151
359282149
359282145
359282143
359282135
359282133
359282103
359282101
359282099
359282097
359282095
359282093
359282091
359282089
359282087
359282085
359282083
359282077
359282075
359282073
359282039
359282037
359282035
359282033
359282031
359282029
359281997
359281991
359281989
359281987
359281985
359281983
359281981
359281979
359281977
359281975
359281973
359281969
359281967
359281965
359281963
359281961
359281959
359281957
359281955
359281953
359281951
359281949
359281947
359281945
359281943
359281939
359281933
359281931
359281929
359281923
359281921
359281919
359281917
359281915
359281913
359281909
359281907
359281905
359281903
359281897
359281895
359281893
359281879
359281877
359281873
359281861
359281859
359281857
359281855
359281851
359281845
359281843
359281841
359281839
359281837
359281835
359281833
359281831
359281829
359281827
359281825
359281817
359281815
359281813
359281811
359281809
359281805
359281797
359281793
359281791
359281789
359281781
359281779
359281773
359281771
359281763
359281761
359281759
359281757
359281755
359281753
359281741
359281737
359281729
359281723
359281721
359281719
359281717
359281715
359281713
359281705
359281703
359281701
359281699
359281693
359281687
359281685
359281683
359281681
359281677
359281675
359281673
359281671
359281669
359281667
359281665
359281661
359281659
359281657
359281655
359281653
359281651
359281649
359281647
359281645
359281641
359281637
359281633
359281631
359281629
359281627
359281625
359281623
359281621
359281591
359281589
359281585
359281581
359281579
359281577
359281573
359281571
359281569
359281567
359281565
359281561
359281525
359281523
359281521
359281517
359281483
359281481
359281479
359281477
359281475
359281473
359281469
359281465
359281461
359281457
359281453
359281451
359281449
359281447
359281445
359281443
359281439
359281435
359281433
359281431
359281429
359281427
359281423
359281421
359281419
359281415
359281413
359281411
359281407
359281405
359281403
359281401
359281399
359281397
359281395
359281393
359281387
359281385
359281383
359281379
359281377
359281375
359281373
359281371
359281369
359281367
359281365
359281363
359281361
359281359
359281353
359281351
359281343
359281341
359281339
359281337
359281335
359281333
359281331
359281329
359281327
359281319
359281317
359281315
359281313
359281311
359281309
359281303
359281301
359281299
359281295
359281291
359281289
359281285
359281283
359281281
359281277
359281275
359281273
359281271
359281269
359281267
359281265
359281263
359281261
359281257
359281253
359281251
359281247
359281245
359281243
359281241
359281239
359281237
359281235
359281233
359281231
359281229
359281227
359281225
359281221
359281219
359281215
359281213
359281209
359281207
359281205
359281201
359281197
359281195
359281193
359281191
359281189
359281187
359281185
359281183
359281181
359281179
359281175
359281173
359281171
359281169
359281165
359281163
359281159
359281157
359281153
359281151
359281149
359281147
359281143
359281141
359281139
359281137
359281135
359281125
359281123
359281121
359281119
359281115
359281113
359281109
359281079
359281075
359281073
359281067
359281065
359281063
359281055
359281053
359281051
359281015
359281013
359281011
359281009
359281007
359281005
359280973
359280971
359280969
359280967
359280965
359280963
359280959
359280951
359280949
359280947
359280943
359280941
359280939
359280937
359280935
359280931
359280925
359280923
359280917
359280915
359280913
359280911
359280905
359280899
359280897
359280895
359280893
359280891
359280889
359280887
359280881
359280877
359280873
359280871
359280869
359280861
359280859
359280857
359280855
359280853
359280851
359280849
359280847
359280845
359280841
359280839
359280833
359280831
359280825
359280823
359280821
359280819
359280807
359280805
359280803
359280799
359280797
359280795
359280785
359280781
359280777
359280775
359280771
359280769
359280767
359280765
359280763
359280761
359280759
359280757
359280755
359280753
359280751
359280749
359280747
359280745
359280743
359280741
359280737
359280735
359280733
359280731
359280729
359280723
359280721
359280719
359280717
359280715
359280713
359280709
359280707
359280705
359280703
359280699
359280697
359280695
359280693
359280689
359280687
359280685
359280681
359280673
359280671
359280669
359280663
359280659
359280655
359280653
359280651
359280649
359280647
359280645
359280643
359280641
359280637
359280627
359280625
359280623
359280621
359280615
359280613
359280605
359280603
359280601
359280599
359280597
359280567
359280565
359280563
359280561
359280559
359280557
359280555
359280553
359280551
359280549
359280547
359280545
359280539
359280537
359280503
359280501
359280499
359280495
359280461
359280457
359280451
359280449
359280447
359280445
359280443
359280441
359280439
359280431
359280427
359280419
359280417
359280415
359280413
359280411
359280409
359280407
359280405
359280403
359280401
359280399
359280397
359280395
359280393
359280391
359280389
359280387
359280385
359280383
359280381
359280379
359280377
359280375
359280373
359280371
359280369
359280367
359280365
359280363
359280361
359280359
359280357
359280355
359280353
359280351
359280349
359280347
359280345
359280341
359280339
359280337
359280335
359280333
359280331
359280329
359280327
359280325
359280323
359280321
359280317
359280315
359280309
359280303
359280301
359280299
359280297
359280295
359280293
359280291
359280289
359280287
359280285
359280283
359280281
359280279
359280277
359280275
359280273
359280271
359280265
359280263
359280261
359280259
359280257
359280255
359280253
359280251
359280249
359280247
359280245
359280243
359280239
359280237
359280235
359280233
359280231
359280229
359280227
359280225
359280223
359280219
359280215
359280213
359280211
359280209
359280207
359280203
359280201
359280199
359280197
359280195
359280193
359280191
359280189
359280187
359280183
359280181
359280179
359280177
359280175
359280173
359280171
359280169
359280167
359280165
359280163
359280161
359280159
359280155
359280153
359280151
359280147
359280143
359280141
359280137
359280135
359280133
359280131
359280129
359280127
359280125
359280123
359280121
359280119
359280117
359280115
359280111
359280109
359280107
359280105
359280103
359280101
359280099
359280097
359280095
359280093
359280091
359280089
359280087
359280085
359280055
359280053
359280051
359280047
359280045
359280043
359280041
359280039
327555322
327555210
327494260
327494258
240018506
240018496
240018490
240018458
240018396
240018386
240018380
240018348
355340988
355340961
